14,12,1,
0.45621704206820335,0.08523843506703727,0.8626252191716713,-0.5142176934992502,-0.9380504102694309,-0.5462285048341035,
1.5070501705515533,0.7214601052229587,0.2803504158859046,-0.909720831621487,-2.36604975508994,-0.5219244824845914,
-0.6974674731923928,-0.648047752539699,-0.5427422997857636,0.5838950752842762,1.1992259189967518,0.34159551343139444,
-0.4641425403862558,0.22296343992839704,-0.9445663804050647,-0.3376423013035761,-0.3570156594141768,-0.32943453601821965,
-0.6116700450214765,-2.6100034937833088,-1.3934939971990798,1.6332471234388646,-0.6378730866567102,0.9976451022662188,
-1.4361630761520858,-0.7083401158774366,-0.2474957796291752,1.1821153545691696,2.001933438351599,0.23212165594206036,
0.9380475833403384,0.5343989881315037,1.5412441246844812,-1.1863834454105375,-1.4984878935133463,-0.7042829462618442,
-1.1926183211447339,1.2743519194020931,-1.4270659956083853,0.3148260197566166,0.951601411329456,0.4127164156079475,
-0.875133557298382,0.2805518788830423,-3.3967540028435153,1.356470714944091,0.1653605334096644,1.2990362428139248,
-0.9099777592580447,0.4337429561106763,-1.730756626836062,0.3990815164972072,1.1401609241354675,0.9342397719084979,
0.5050736935700519,0.5315444648819488,-3.182976272061799,0.04996251591206528,-1.6566563458769943,0.04308790241666241,
-1.1827745725477343,-0.7639824658705716,-1.1312818826817095,0.4591225465998826,-0.23718367893523593,0.24726253150318753,
0.06119658107050354,-2.4192678060802253,1.4066286382152278,1.8069810049489947,-3.78039860403721,3.0207895538750944,
-0.9144553697991621,-1.430991751006975,-0.8593035178682178,1.03673101151693,-0.010633390331606618,0.2760697697279771,
0.2783704591403316,0.7147283074237762,-0.7332335913774489,-0.35403999934197367,-0.9078745408749133,-0.8923899324822968,0.831298829981112,-0.8622610143329055,-1.332063347163699,-1.107193727610031,-0.3280209383964585,-0.8150675136359616,0.3425058535866655,-0.6848221951047059,-0.37792978117968073,
-0.2578915831825456,-0.1581910114394765,-0.20366207832203606,-0.07307568662824135,-0.28696615207915077,-0.2748656187585507,0.04578476846512505,0.07925906110680293,-0.2452195085809306,0.004707982974470784,0.3040124599840829,0.03752558308876936,0.16614430976763653,-0.28951790491944135,-0.22894239316674705,
0.010852300349349926,0.48485195730729774,-0.23663196341507922,0.3591685513957217,-0.8544787710488198,-0.5863267933488561,0.505599751319311,0.3913132993869261,-0.8762038024675189,0.027179522518335695,1.2706046215641047,0.17300936038353001,1.5304370190141818,-0.3057729102439848,0.09213446453353707,
-0.2945149490513736,-0.7814420785667577,0.27029482672533706,0.24321835476591425,1.0095060712554698,0.41287545113273133,-0.4918913198592472,0.06511880123698405,0.6450670628837337,0.4744284150256499,-0.1585249886949434,0.856215431314541,-0.6519223678047652,0.7528219052208801,-0.022913930845837177,
-0.100246497473878,-0.2244998653248071,0.05426761139327653,-0.06342850852373477,-0.16359914496264402,-0.2622224360638655,-0.08743284920803004,-0.012760274108421088,-0.060325358170173655,-0.13172888812697994,0.1270493351252701,0.01937911056757526,-0.054819348312537326,-0.2273833675602572,-0.21239034300652915,
0.12475233179995975,0.6724022313562354,-0.3596544054774655,0.31204472893820884,-0.9347597574141607,-0.5674751533565272,0.335010248807646,0.3546014296060539,-0.6292735238758603,-0.021426603233864843,1.1741471462921456,0.023242802487524732,1.4373013976348696,-0.4460377692953011,-0.09030440560769917,
0.041207465358895946,0.29323169376869707,-0.385519381636073,0.31381695166454016,-1.0168682480972486,-0.5453910493754227,0.2060474377187364,0.41872896467392284,-0.5905206005992686,0.03923582233857425,1.3106713693096854,-0.03354843027312005,0.911076057461082,-0.5569857661387824,-0.13804587075091018,
-1.2690784946069165,-2.461213865021586,1.2929159455830013,0.34503936639578825,1.1992531491028098,2.1134972225640145,-2.262795716175975,1.9268235417897333,2.7254066258654284,2.147710867576639,0.270227571620776,1.2305438381928964,-1.4846549312252497,0.9690746327898433,-0.21841124196675077,
-0.14376292706326504,-0.06659920121905977,-0.06757866392657576,-0.04664069387706638,-0.009230596667613477,-0.09542492554509835,-0.26017074730913803,-0.07848299097935632,-0.2880055368128261,-0.03869003945755643,-0.02908903811115512,0.0355792477181136,-0.10667767159814999,-0.2300493234395011,-0.17439560667858764,
-4.933401854796848E-4,0.03867088093211888,-0.11942156006093087,-0.09589967703527272,-0.26635992916615153,-0.2922771213780975,-0.21974052804104316,-0.044884004751841004,-0.10612384559832123,0.013791046837713872,0.208338353154065,0.10127261717843247,-0.13668225671231463,-0.06265334643146636,-0.2920443811427181,
-0.30086358280287806,-0.7929925096378011,0.11787123135975748,-0.29904066287080217,0.6477099055325087,0.17141753085088246,-0.6331064775917243,-0.3612893233038454,0.290152284847173,-0.18902261644477883,-0.6710555085496851,-0.06516183569163313,-1.17370868728705,0.26097991056111586,-0.3839605451185453,
-0.0011279206158258503,0.43356989557576603,-0.4290409329119429,0.2622897174805157,-0.7856910423701343,-0.6008320553749,-0.02547125769628908,0.5126440616712866,-0.4513156681030077,0.1084230380607383,1.102114246467763,-0.02089849617934063,0.5061199291661442,-0.5351621297331478,-0.27601041960078065,
2.1976110949466423,0.4960577505220922,1.9814308528352025,-1.2913610819264894,0.24112369417517457,1.8600940200103389,1.6727193453561324,-3.7690842457465012,0.13831394745909584,0.30382713814772766,-1.2620121568502642,1.4195651416297534,0.8934652101572328,
